Date: 10/15/0 13:14:6
Accelerometer:
 X1 = -0.05
 Y1 = 0.03
 Z1 = 1.00
Gyroscope:
 X1 = 0.07
 Y1 = -2.17
 Z1 = 2.03
Thermometer:
 Degrees C1 = 28.27
 Degrees F1 = 82.89
Microphone:
79
75
67
57
46
37
29
24
25
24
24
24
28
35
39
39
37
35
34
34
33
33
-131
-127
-124
-120
-109
-99
-96
-95
-89
-83
-83
-87
-91
-91
-89
-91
-94
-97
-97
-98
-97
-97
-101
-104
-105
-103
-105
-106
-105
-100
-97
-96
-92
-91
-95
-98
-101
-105
65
72
80
88
91
92
93
94
91
86
86
88
95
100
102
102
101
98
95
87
78
77
82
87
89
92
97
102
99
93
90
85
75
63
53
54
59
61
64
72
83
89
88
81
78
-20
-16
-11
-1
12
18
20
18
12
8
7
9
7
2
-2
4
10
12
7
3
-3
-4
0
4
2
-4
-8
-9
-6
-2
-1
-6
-15
-19
-18
-19
-23
-27
-28
-26
-23
-21
72
67
61
57
60
69
76
75
74
80
92
95
84
67
60
61
58
56
53
54
56
57
62
66
66
58
47
41
45
52
55
53
49
50
53
52
42
-87
-91
-86
-79
-78
-81
-83
-82
-75
-71
-76
-85
-93
-94
-91
-88
-83
-79
-75
-71
-62
-47
-37
-36
-40
-44
-41
-38
-40
-44
-50
-48
-43
-39
-40
-49
-63
-72
-73
-73
-9
-9
-3
10
20
21
16
8
-2
-8
-9
-10
-9
-11
-10
0
13
23
20
10
3
-2
-7
-13
-24
-30
-33
-33
-30
-29
-32
-38

Date: 10/15/0 13:14:40
Accelerometer:
 X1 = -0.05
 Y1 = 0.03
 Z1 = 1.00
Gyroscope:
 X1 = 0.07
 Y1 = -2.17
 Z1 = 1.96
Thermometer:
 Degrees C1 = 28.33
 Degrees F1 = 82.99
Microphone:
68
84
90
89
85
94
90
73
65
72
69
56
46
47
47
33
28
32
34
36
40
56
66
62
73
80
78
70
47
44
30
12
18
-53
-63
-64
-57
-49
-41
-36
-37
-23
-21
-35
-33
-31
-34
-25
-29
-24
-15
-26
-22
-13
-18
-18
-24
-25
-20
-21
-16
-4
-10
-9
-3
0
4
0
4
8
1
-1
0
0
2
-14
-23
-20
-23
-52
-58
-58
-62
-67
-74
-70
-68
-76
-70
-62
-65
-59
-44
-36
-39
-47
-52
-47
-51
-62
-74
-77
-85
-93
-86
-80
-82
-87
-88
-75
-61
-65
-66
-63
-69
-63
-51
-54
-48
125
133
131
115
122
129
126
124
117
116
116
112
117
123
120
113
115
115
119
120
121
126
129
127
130
133
134
133
124
121
122
-120
-119
-128
-122
-118
-115
-114
-114
-105
-95
-92
-89
-88
-92
-98
-99
-98
-102
-124
-139
-137
-137
-147
-148
-142
-138
-146
-145
-127
-118
-122
-128
-129
-123
-123
-130
-127
-120
-122
-124
-121
-124
-132
-136
39
34
30
29
27
25
27
30
28
30
39
39
46
45
49
58
54
52
56
60
59
51
53
51
41
36
41
44
44
45
50
60
65
69
74
80
77
77
78
43
43
44
40
34
18
9
4
-5
-7
-5
-2
3
12
21
37
41
38
37
29
22
30
17

Date: 10/15/0 13:14:42
Accelerometer:
 X1 = -0.05
 Y1 = 0.03
 Z1 = 1.00
Gyroscope:
 X1 = 0.07
 Y1 = -2.45
 Z1 = 1.89
Thermometer:
 Degrees C1 = 28.38
 Degrees F1 = 83.07
Microphone:
41
26
18
17
13
14
19
25
22
17
18
24
26
29
36
32
29
32
31
34
38
33
27
24
32
34
30
32
-28
-33
-40
-49
-51
-52
-50
-47
-54
-55
-48
-47
-50
-46
-43
-43
-37
-34
-32
-22
-18
-19
-13
-12
-9
-16
-22
-18
-14
-12
-13
-24
91
93
90
87
78
65
55
59
56
48
41
41
44
44
43
40
38
39
50
62
68
78
90
101
106
105
99
93
90
87
78
66
56
45
38
36
27
16
17
24
26
30
37
43
-74
-74
-70
-68
-60
-56
-53
-51
-44
-37
-39
-47
-46
-42
-45
-39
-34
-38
-43
-50
-47
-45
-46
-52
-59
-64
-64
-59
-65
-70
-61
-57
-55
-52
-54
-49
-43
-33
-31
-38
-39
-32
-29
-32
-31
63
59
65
70
80
89
83
74
73
79
73
60
53
42
37
37
36
39
30
21
27
31
31
36
34
28
30
38
50
54
46
-15
-13
-20
-14
-10
-17
-16
-22
-32
-29
-29
-46
-52
-59
-56
-57
-68
-62
-45
-42
-42
-42
-49
-49
-46
-58
-69
-59
-55
-46
-51
-54
-36
-27
-35
-25
-27
-30
70
68
76
66
56
58
62
42
26
37
38
24
19
18
16
11
17
25
14
17
30
19
18
40
50
31
33
37
35
36
29
22
18
21
23
1
-14
-6

Date: 10/15/0 13:14:44
Accelerometer:
 X1 = -0.05
 Y1 = 0.03
 Z1 = 1.00
Gyroscope:
 X1 = 0.07
 Y1 = -2.24
 Z1 = 2.03
Thermometer:
 Degrees C1 = 28.30
 Degrees F1 = 82.94
Microphone:
-30
-36
-38
-32
-33
-30
-33
-32
-29
-37
-39
19
15
12
14
12
9
11
11
17
25
20
18
20
10
2
-2
-2
5
10
7
6
7
12
18
14
9
15
16
20
15
8
11
9
7
-6
-10
-2
-3
2
5
6
15
14
6
5
-37
-42
-36
-31
-25
-29
-35
-19
-14
-3
-8
-1
6
16
15
8
15
9
4
2
-3
2
18
13
10
11
19
23
23
13
21
23
19
16
17
17
11
11
11
13
2
-1
9
-5
-8
-5
-1
9
14
21
24
23
9
8
15
10
3
-11
-3
-4
-11
-5
-2
-3
-4
3
3
-3
-8
-6
-4
16
10
17
22
21
20
24
28
28
31
35
39
38
37
42
51
51
45
37
36
44
54
44
33
37
31
34
33
43
52
54
51
45
44
48
33
23
19
22
16
5
7
12
25
25
27
24
10
18
17
6
14
19
15
15
14
4
2
-13
-15
-10
-16
-25
-35
-39
-25
-33
-34
-40
-48
-58
-66
-68
-64
-54
-49
-53
-43
-39
-19
-21
-38
-38
-38
-35
-29
17
8
5
17
29
28
33
42
48
37
34
43
41
35
25
16
30
38
45
45
40
42
40
33
19
26
29
34
31
23
27
28
16
-4
-8
9
-58
-62
-65
-74
-59
-41
-27

Date: 10/15/0 13:14:45
Accelerometer:
 X1 = -0.05
 Y1 = 0.03
 Z1 = 0.99
Gyroscope:
 X1 = 0.07
 Y1 = -2.45
 Z1 = 1.75
Thermometer:
 Degrees C1 = 28.31
 Degrees F1 = 83.04
Microphone:
42
35
42
46
57
56
41
38
46
49
43
30
28
35
37
35
29
35
43
41
29
21
33
40
32
25
33
50
52
35
34
42
47
36
-16
-11
-11
-11
-3
-1
6
4
-3
-12
-19
-23
-21
-24
-41
-49
-33
-31
-40
-49
-41
-46
-57
-61
-50
-44
-54
-62
-51
-46
-45
-49
-40
-34
-32
-33
-37
-25
-17
-18
-23
-28
-25
-18
-17
-15
-12
-2
-9
-17
-2
11
11
-6
4
22
10
-3
3
28
11
-10
11
27
10
-3
19
32
28
2
6
21
13
0
11
18
12
2
14
35
28
10
19
29
26
15
18
24
22
24
42
-55
-44
-33
-36
-54
-67
-59
-56
-60
-67
-61
-56
-54
-54
-38
-26
-34
-47
-37
-26
-40
-45
-31
-26
-31
-39
-29
-29
-31
-42
-37
-28
-43
-44
-32
-30
58
50
62
73
62
58
75
85
68
55
74
84
75
72
86
87
76
75
83
84
75
72
83
86
81
74
95
94
79
68
88
96
59
54
-74
-57
-56
-64
-79
-68
-65
-80
-79
-74
-76
-83
-88
-76
-65
-74
-80
-65
-64
-75
-84
-70
-65
-71
-77
-59
-51
-65
-65
-52
-50
-76
-73
-52
-51
-62
-58
-39
-33
-46
-68
-67
-65
-75
-86
55
59
58
52
55
57
42
32
46
61
49
37
40
44
38
34

Date: 10/15/0 13:14:47
Accelerometer:
 X1 = -0.05
 Y1 = 0.03
 Z1 = 1.00
Gyroscope:
 X1 = 0.07
 Y1 = -2.38
 Z1 = 1.96
Thermometer:
 Degrees C1 = 28.34
 Degrees F1 = 83.02
Microphone:
36
40
32
22
16
30
30
21
41
45
54
-48
-49
-24
0
-15
-20
-24
-29
-22
-39
-50
-49
-51
-55
-43
-52
-59
-65
-62
-64
-59
-43
-31
-14
-18
-10
-7
-26
-42
-51
-55
-61
-51
-57
-50
-33
-42
-45
-41
-59
19
24
25
14
-5
-8
-5
11
7
-5
12
28
24
20
30
30
25
31
29
45
55
38
37
26
14
22
26
15
12
15
26
33
36
15
12
1
-16
-20
-28
-26
-19
-21
-18
-26
-20
-32
-24
-16
-47
-48
-36
-43
-49
-46
-35
-19
-5
-26
-36
-27
-32
-47
-44
-51
-41
-21
-36
-25
-12
-25
-30
-44
-37
-40
-49
90
105
92
99
113
130
122
97
109
117
95
74
81
80
73
80
89
96
105
78
75
75
67
78
76
88
91
74
65
72
79
66
63
75
67
55
64
75
87
70
71
93
89
70
70
78
-26
-36
-27
-30
-48
-53
-33
-33
-42
-27
-28
-42
-63
-82
-71
-65
-76
-63
-64
-77
-75
-57
-60
-52
-59
-75
-69
-68
-82
-78
-73
-84
-76
-68
-57
-38
-55
-64
-54
52
52
64
73
70
62
76
85
78
80
82
70
58
53
47
46
38
38
31
37
31
33
35
25
29
35
39
36
34
40
51
43
-88
-78
-72
-75
-76
-71
-66
-70
-60
-55
-55
-49
-52

Date: 10/15/0 13:14:48
Accelerometer:
 X1 = -0.05
 Y1 = 0.03
 Z1 = 0.99
Gyroscope:
 X1 = 0.00
 Y1 = -2.31
 Z1 = 2.10
Thermometer:
 Degrees C1 = 28.35
 Degrees F1 = 83.03
Microphone:
-10
0
14
22
31
38
39
38
29
26
22
15
19
36
42
41
49
51
46
57
56
52
53
33
26
29
13
0
-4
-11
-12
-4
3
12
14
12
22
38
36
38
41
35
23
16
12
9
-1
-8
-2
-1
2
7
0
-2
6
2
2
1
-20
-20
-25
-31
-26
-37
-44
-35
-41
-44
-34
-36
-35
-34
-37
-24
-11
-7
4
6
3
14
18
16
14
9
17
10
-10
-15
-20
-36
-44
-40
-42
-40
-42
-40
-22
-20
-21
-8
-4
0
7
33
31
37
33
32
30
35
49
55
59
72
66
65
70
68
68
66
68
73
65
60
61
53
31
29
24
15
5
3
9
19
14
-52
-57
-59
-61
-75
-73
-69
-69
-70
-57
-49
-39
-20
-6
-3
-3
-6
0
0
0
2
10
-1
-4
0
0
-14
-26
-29
-27
-26
-26
-24
-10
-7
-8
7
11
9
-11
-23
-20
-10
-13
-9
-9
-2
16
28
28
19
15
21
27
29
32
36
26
13
6
11
6
-17
-30
-32
-44
-37
-34
-36
-27
-30
-26
-9
-15
-20
-13
-10
-2
16
11
0
-4
-8
-11
65
64
74
80
84
89
86
78
78
66
55
54
50
37
22
24
37
42
43
41
48
58
62
68
76
70
67
67
73
82
84
61
54
51
49
35
24

Date: 10/15/0 13:14:50
Accelerometer:
 X1 = -0.05
 Y1 = 0.03
 Z1 = 1.00
Gyroscope:
 X1 = 0.07
 Y1 = -2.45
 Z1 = 2.10
Thermometer:
 Degrees C1 = 28.34
 Degrees F1 = 83.02
Microphone:
12
20
20
7
7
16
21
18
5
1
8
12
-5
0
2
5
17
24
29
36
33
43
57
54
37
28
24
31
28
25
34
47
54
60
72
76
77
75
73
75
80
84
80
74
79
85
84
67
53
50
50
53
48
59
67
66
61
66
-9
-27
-30
-43
-37
-29
-30
-36
-31
-14
1
-4
-14
-14
-20
-16
-12
-11
-12
-17
-27
-26
-25
-22
-42
-53
-56
-53
-47
-47
-36
-40
-34
-39
-42
-32
-38
-61
-73
-78
-76
-81
-86
-84
-78
-63
7
7
15
7
1
5
11
16
11
0
7
13
15
6
4
2
8
19
22
22
21
38
36
24
33
23
14
-3
-14
-8
-13
-11
-12
-7
11
14
17
10
2
-2
-8
-15
-9
-10
-16
-18
-23
-26
-31
-33
-27
-20
-15
-16
-8
-2
11
12
4
3
-2
1
0
-13
-19
-15
-19
-16
-8
17
19
26
29
34
39
24
19
20
25
22
4
-5
2
-9
-9
-8
-12
-3
-1
0
10
10
13
16
11
6
11
13
17
11
0
10
24
16
16
24
23
31
37
49
55
48
48
48
47
-49
-55
-55
-50
-43
-38
-36
-33
-30
-20
-16
-13
-16
-24
-33
-27
-27
-35
-43
-57
-59
-61
-55
-59
-55
-55
-55
-45
-40
-36
-42
-48
-47
-47
-51
-55
-61

Date: 10/15/0 13:14:52
Accelerometer:
 X1 = -0.05
 Y1 = 0.03
 Z1 = 1.00
Gyroscope:
 X1 = 0.14
 Y1 = -2.24
 Z1 = 2.10
Thermometer:
 Degrees C1 = 28.32
 Degrees F1 = 82.98
Microphone:
15
14
4
-1
0
7
-4
-5
7
9
5
-18
-15
-10
-15
-17
-17
-15
-15
-17
-16
-14
-13
-17
-20
-22
-24
-25
-29
-27
-17
-7
-6
-3
-4
-2
-11
-18
-18
-20
-25
-29
-34
-34
-32
-26
-22
-19
-8
-1
3
9
27
19
18
16
15
10
5
12
15
12
16
28
35
34
30
33
38
41
37
26
22
27
27
22
16
19
21
19
22
30
39
37
34
44
58
61
-83
-87
-92
-95
-91
-80
-73
-71
-66
-61
-57
-57
-58
-61
-63
-61
-61
-62
-61
-59
-68
-78
-81
-85
-87
-98
-102
-98
-94
-86
-83
-87
-88
-78
-70
-72
-69
-67
57
58
60
66
74
70
67
72
69
62
63
70
71
71
65
69
72
73
77
72
64
62
59
53
46
43
40
43
46
50
59
63
57
61
68
72
68
61
61
64
65
69
71
62
59
57
57
-77
-82
-86
-96
-101
-100
-92
-97
-91
-81
-71
-67
-69
-77
-69
-75
-82
-85
-83
-76
-72
-73
-72
-70
-72
-84
-84
-84
-80
-84
-86
-83
-70
-66
-64
-68
-70
-71
-78
-86
-89
-84
-66
-65
16
18
22
25
24
29
37
43
40
35
35
40
37
28
23
26
40
50
41
31
44
58
48
34
30
35
28
20
25
38
45
47
45
48
55
61
-21
-37
-35

